0.046436943
0.04033225
0.03699925
0.0861599
0.06772881
0.11181533
0.517654
0.51552886
0.13167307
0.26019397
0.067703016
0.02411059
0.048898544
0.03444053
0.010528803
0.009135051
0.027139315
0.092813574
0.030287784
0.06076563
0.26154408
0.06188848
0.15108575
0.09306644
0.069844306
0.15471293
0.05120707
0.08114536
0.05451865
0.05271982
0.011195781
0.053039573
0.027399035
0.05114407
0.025888672
0.051812474
0.17080362
0.048047192
0.044975813
0.005638141
0.024943778
0.02271816
0.005847524
0.021403717
0.016575338
0.07691559
0.07364018
0.025400622
0.06657141
0.08876576
0.23650694
0.22078115
0.23618193
0.07666677
0.30027896
0.043287646
0.14654821
0.20365758
0.1060013
0.04962251
0.054532364
0.0379652
0.022297503
0.008564418
0.026967466
0.024810214
0.02255641
0.014316426
0.008126138
0.006557527
0.003386436
0.005634436
0.003728044
0.021477474
0.013507798
0.018905757
0.026151275
0.06659366
0.06693288
0.055601124
0.10663822
0.11146074
0.035080533
0.09662656
0.034188196
0.008494812
0.018512372
0.017493429
0.010900836
0.009789463
0.057516813
0.027120782
0.024648802
0.005088815
0.017585605
0.008762622
0.014356543
0.027984554
0.006543117
0.012170802
0.013092726
0.026825534
0.033060428
0.053986866
0.051505484
0.13282382
0.26162773
0.5391443
0.27486515
0.24752817
0.16248208
0.10405594
0.039591443
0.19753537
0.06032223
0.03404919
0.018257953
0.07074895
0.083199054
0.04227182
0.041180745
0.019590667
0.060738254
0.018276826
0.013073484
0.014174159
0.044803232
0.09885311
0.08279638
0.12997419
0.110493466
0.0765875
0.06579843
0.039722394
0.053503174
0.04555226
0.08294205
0.0409602
0.06505487
0.040904604
0.019280806
0.01905659
0.06250428
0.021060485
0.051473007
0.07454153
0.037292726
0.13840094
0.13213456
0.09552347
0.08951787
0.15991974
0.11549166
0.0807397
0.06600005
0.17125353
0.07228702
0.018913351
0.10450101
0.020723587
0.048744082